Verbs\Deprels	NMOD	P	PMOD	SBJ	OBJ	ADV	NAME	VC	COORD	DEP	TMP	CONJ	LOC	AMOD	PRD	APPO	IM	HYPH	EXTRA
about	0	1	1	0	0	0	0	0	0	1	0	0	0	0	0	0	0	0	0
above	0	1	2	0	0	0	0	0	0	0	0	0	0	0	0	0	0	0	0
accelerated	1	2	0	1	0	0	0	0	0	0	0	0	0	0	0	0	0	0	1
acceptances	1	1	0	0	0	0	0	0	0	0	0	0	0	0	0	0	0	0	0
account	1	1	0	0	0	0	0	0	0	0	0	0	0	0	0	0	0	0	0
accounts	0	1	0	1	0	1	0	0	0	0	1	0	0	0	0	0	0	0	0
acknowledged	0	2	0	1	1	0	0	0	1	0	0	0	0	0	0	0	0	0	0
acquired	0	1	0	1	1	1	0	0	0	0	0	0	0	0	0	0	0	0	0
added	0	37	0	16	14	5	0	0	1	0	1	0	1	0	0	0	0	0	2
adds	0	10	0	4	4	3	0	0	0	0	0	0	1	0	0	0	0	0	0
admits	0	2	0	1	1	0	0	0	0	0	0	0	0	0	0	0	0	0	0
advised	0	1	0	1	2	0	0	0	0	0	1	0	0	0	0	0	0	0	0
agency	0	1	0	0	0	0	1	0	0	0	0	0	0	0	0	0	0	0	0
agree	0	5	0	3	2	3	0	0	0	1	0	0	0	0	0	0	0	0	1
agreed	0	1	0	1	0	0	0	0	0	0	0	0	0	0	0	0	0	0	1
airlines	0	2	0	0	0	0	1	0	0	0	0	0	0	0	0	1	0	0	1
align	0	3	0	3	1	1	0	0	1	0	0	0	0	0	0	0	0	0	0
alleged	0	4	0	2	2	0	0	0	0	0	1	0	1	0	0	0	0	0	0
allocate	0	4	0	1	2	3	0	0	0	0	0	0	0	0	0	0	0	0	0
allow	0	1	0	1	1	0	0	0	0	0	0	0	0	0	0	0	0	0	1
am	0	0	0	0	0	0	0	0	0	0	0	0	0	0	0	0	0	0	0
analyzed	0	1	0	1	1	0	0	0	0	0	0	0	0	0	0	0	0	0	1
announced	0	9	0	8	7	0	0	0	0	0	5	0	0	0	0	0	0	0	1
appear	0	5	0	2	0	1	0	0	2	0	0	0	0	0	1	0	0	0	1
appeared	0	2	0	1	0	0	0	0	0	0	0	0	0	0	0	0	0	0	2
appears	0	9	0	4	0	2	0	0	0	0	2	0	0	0	2	0	0	0	2
are	0	138	0	88	1	35	0	42	10	9	11	0	2	0	41	0	0	0	10
argue	0	3	0	2	2	0	0	0	0	0	0	0	0	0	0	0	0	0	0
argued	0	6	0	2	2	2	0	0	0	0	0	0	0	0	0	0	0	0	1
argues	0	4	0	2	3	0	0	0	0	0	0	0	0	0	0	0	0	0	0
asked	0	1	0	1	0	1	0	0	0	0	0	0	0	0	0	0	0	0	0
associates	1	1	0	0	0	0	0	0	0	0	0	0	0	0	0	0	0	0	0
association	1	3	0	0	0	0	1	0	0	0	0	0	0	0	0	0	0	0	1
attend	0	2	0	1	1	0	0	0	1	0	0	0	0	0	0	0	0	0	1
authority	2	5	0	0	0	0	12	0	0	0	0	0	0	0	0	0	0	0	0
authorized	0	3	0	1	1	0	0	0	1	0	1	0	0	0	0	0	0	0	0
average	3	1	0	0	0	0	0	0	0	0	0	0	1	0	0	1	0	0	0
averaged	0	4	0	2	1	1	0	0	0	0	1	0	1	0	1	0	0	0	0
awarded	0	1	0	1	2	0	0	0	0	0	0	0	0	0	0	0	0	0	1
baker	2	4	0	0	0	0	0	0	1	0	0	0	0	0	0	1	0	0	0
beat	0	1	0	1	1	0	0	0	0	0	0	0	0	0	0	0	0	0	2
become	0	4	0	2	0	1	0	0	1	1	0	0	0	0	2	0	0	0	0
began	0	15	0	8	1	5	0	1	0	1	6	0	0	0	0	0	0	0	7
believe	0	4	0	3	3	1	0	0	0	0	0	0	0	0	0	0	0	0	0
believed	0	2	0	1	1	1	0	0	1	0	1	0	0	0	0	0	0	0	1
believes	0	4	0	1	1	1	0	0	0	0	0	0	0	0	0	0	0	0	0
bellsouth	0	0	0	0	0	0	0	0	0	0	0	0	0	0	0	0	0	0	0
benefited	0	2	0	1	0	2	0	0	0	0	0	0	0	0	0	0	0	0	0
bet	0	2	0	1	1	1	0	0	1	0	1	0	0	0	0	0	0	0	0
between	0	2	1	0	0	0	0	0	1	0	0	0	0	0	0	0	0	0	0
bill	3	1	0	0	0	0	0	0	0	0	0	0	0	0	0	0	0	0	0
billion	2	3	0	0	0	0	0	0	1	2	0	0	0	0	0	0	0	0	0
bills	4	3	1	0	0	0	0	0	0	0	0	0	0	0	0	0	0	0	0
blackmun	1	2	0	0	0	0	0	0	0	0	0	0	0	0	0	0	0	0	1
blindfolded	0	1	0	1	0	0	0	0	0	0	0	0	0	0	0	0	0	0	0
bonds	3	2	0	0	0	0	0	0	0	0	0	0	0	0	0	0	0	0	0
bostonians	0	2	0	0	0	0	0	0	0	0	0	0	1	0	0	0	0	0	0
bought	0	2	0	1	1	1	0	0	0	0	1	0	0	0	0	0	0	0	0
braved	0	2	0	1	1	0	0	0	0	0	2	0	1	0	0	0	0	0	0
bring	0	1	0	1	1	0	0	0	0	0	0	0	0	0	0	0	0	0	1
britain	4	5	0	0	0	0	0	0	0	0	0	0	0	0	0	1	0	0	0
brought	0	4	0	1	2	2	0	0	0	0	2	0	0	0	0	0	0	0	0
build	0	2	0	1	0	1	0	0	1	2	0	0	0	0	0	0	0	0	1
built	0	1	0	1	1	1	0	0	0	0	0	0	0	0	0	0	0	0	2
buy	0	4	0	1	1	0	0	0	2	0	0	0	1	0	0	0	0	0	0
ca	0	7	0	4	0	4	0	6	1	0	0	0	0	0	0	0	0	0	0
called	0	8	0	4	4	8	0	0	0	0	4	0	0	0	0	0	0	0	1
came	0	13	0	8	0	6	0	1	2	3	4	0	0	0	0	0	0	0	3
camped	0	1	0	1	0	0	0	0	0	0	0	0	1	0	0	0	0	0	1
can	0	22	0	11	0	7	0	11	2	1	2	0	0	0	0	0	0	0	0
capital	0	1	0	0	0	0	1	0	0	0	0	0	0	0	0	0	0	0	1
capped	0	1	0	1	1	0	0	0	0	0	0	0	0	0	0	0	0	0	0
captioned	0	3	0	1	1	1	0	0	0	0	0	0	0	0	0	0	0	0	1
careened	0	3	0	1	0	1	0	0	1	0	1	0	0	0	0	0	0	0	1
carriers	1	1	0	0	0	0	0	0	0	0	0	0	0	0	0	0	0	0	1
cast	0	5	0	3	2	3	0	0	0	0	2	0	1	0	0	0	0	0	0
caught	0	4	0	1	1	0	0	0	0	0	1	0	0	0	0	0	0	0	1
caused	0	1	0	1	1	0	0	0	0	0	0	0	0	0	0	0	0	0	1
cautioned	0	1	0	1	1	0	0	0	0	0	0	0	0	0	0	0	0	0	0
challenged	0	4	0	1	2	1	0	0	0	0	1	0	1	0	0	0	0	0	0
charge	4	4	0	2	2	1	0	0	1	2	0	0	1	0	0	0	0	0	0
chemical	0	1	0	0	0	0	1	0	0	0	0	0	0	0	0	0	0	0	1
chronicles	0	3	0	2	1	0	0	0	0	0	0	0	0	0	0	0	0	0	0
cite	0	1	0	1	1	1	0	0	0	0	0	0	0	0	0	0	0	0	0
claim	0	2	0	2	1	0	0	0	0	0	1	0	0	0	0	0	0	0	1
closed	0	12	0	6	0	8	0	0	0	0	3	0	3	0	0	0	0	0	0
coincidence	2	1	0	0	0	0	0	0	0	0	0	0	0	0	0	0	0	0	0
collaborate	0	2	0	1	0	2	0	0	0	0	0	0	0	0	0	0	0	0	0
collar	0	0	0	0	0	0	0	0	0	0	0	0	0	0	0	0	0	0	0
colleagues	1	2	0	0	0	0	0	0	1	0	0	0	0	0	0	0	0	0	0
colo	2	2	0	0	0	0	0	0	0	0	0	0	0	0	0	0	0	0	0
comes	0	5	0	4	0	2	0	1	0	0	2	0	1	0	0	0	0	0	0
completed	0	3	0	2	2	0	0	0	0	0	2	0	1	0	0	0	0	0	0
concede	0	2	0	1	1	1	0	0	0	0	0	0	0	0	0	0	0	0	0
concedes	0	4	0	1	1	0	0	0	0	0	0	0	0	0	0	0	0	0	0
concluded	0	2	0	1	1	1	0	1	0	0	0	0	0	0	0	0	0	0	1
concludes	0	3	0	1	1	0	0	0	0	0	0	0	0	0	0	0	0	0	0
confirmed	0	4	0	3	3	0	0	0	0	0	1	0	0	0	0	0	0	0	0
confronts	0	2	0	1	1	1	0	0	0	0	0	0	1	0	0	0	0	0	0
considers	0	2	0	2	1	0	0	0	0	0	0	0	0	0	0	0	0	0	0
consisted	0	1	0	1	0	1	0	0	0	0	0	0	0	0	0	0	0	0	0
consortium	2	1	0	0	0	0	0	0	0	0	0	0	0	0	0	1	0	0	0
contains	0	2	0	1	1	0	0	0	1	0	1	0	0	0	0	0	0	0	0
contends	0	1	0	1	1	0	0	0	0	1	0	0	0	0	0	0	0	0	0
continued	0	3	0	2	1	0	0	0	1	0	0	0	0	0	0	0	0	0	2
contributed	0	5	0	4	0	4	0	0	0	0	1	0	0	0	0	0	0	0	0
control	0	2	0	1	1	1	0	0	0	0	0	0	0	0	0	0	0	0	0
cooperman	0	1	0	0	0	0	2	0	0	0	0	0	0	0	0	0	0	0	0
could	0	27	0	19	0	11	0	19	1	1	2	0	0	0	0	0	0	0	0
count	0	0	0	0	0	0	0	0	0	0	0	0	0	0	0	0	0	0	0
counters	0	1	0	1	1	0	0	0	0	0	0	0	0	0	0	0	0	0	0
covers	0	1	0	1	2	0	0	0	0	0	0	0	0	0	0	0	0	0	0
criticized	0	2	0	1	1	1	0	0	0	0	0	0	0	0	0	0	0	0	0
criticizes	0	3	0	1	1	1	0	0	0	0	0	0	0	0	0	0	0	0	1
curb	0	2	0	0	1	0	0	0	0	0	0	0	0	0	0	0	0	0	1
curzio	0	1	0	0	0	0	1	0	0	0	0	0	0	0	0	0	0	0	0
cyanamid	1	3	0	0	0	0	1	0	0	0	0	0	0	0	0	1	0	0	1
davis	0	1	0	0	0	0	2	0	0	0	0	0	0	0	0	0	0	0	0
days	20	17	0	0	0	0	0	0	0	0	0	0	0	0	0	0	0	0	0
debentures	3	2	0	0	0	0	0	0	0	0	0	0	0	0	0	0	0	0	0
declared	0	3	0	1	0	0	0	0	1	0	0	0	0	0	0	0	0	0	0
declined	3	15	0	12	3	0	0	0	1	1	1	0	2	0	0	0	0	0	9
defended	0	1	0	1	1	0	0	0	0	0	0	0	0	0	0	0	0	0	0
defies	0	3	0	1	1	0	0	0	0	0	0	0	0	0	0	0	0	0	0
denied	0	1	0	1	1	0	0	0	0	0	0	0	0	0	0	0	0	0	0
described	0	2	0	1	1	1	0	0	0	0	0	0	1	0	0	0	0	0	1
develop	0	3	0	1	1	1	0	0	0	0	0	0	0	0	0	0	0	0	0
did	0	33	0	19	1	20	0	15	3	1	1	0	1	0	0	0	0	0	0
died	0	2	0	2	0	0	0	0	2	0	0	0	0	0	1	0	0	0	0
disagree	0	1	0	1	1	1	0	0	0	0	0	0	0	0	0	0	0	0	0
disclosed	0	4	0	2	2	2	0	0	0	0	1	0	0	0	0	0	0	0	0
dismisses	0	2	0	1	1	1	0	0	0	1	0	0	0	0	0	0	0	0	0
divvied	0	1	0	2	0	1	0	1	0	0	1	0	0	0	0	0	0	0	2
do	0	22	0	12	2	16	0	10	3	2	2	1	0	0	0	0	0	0	1
does	0	18	0	10	0	15	0	9	1	3	0	0	0	0	0	0	0	0	0
doth	0	2	0	1	1	1	0	0	0	0	0	0	0	0	0	0	0	0	0
doubled	0	1	0	1	1	1	0	0	0	0	0	0	1	0	0	0	0	0	2
doubt	2	4	0	1	1	1	0	0	0	0	0	0	0	0	0	0	0	0	0
draws	0	1	0	1	1	0	0	0	0	0	0	0	1	0	0	0	0	0	0
dresses	2	3	0	0	0	0	0	0	0	0	0	0	0	0	0	1	0	0	0
drew	0	1	0	1	1	1	0	0	0	0	1	0	0	0	0	0	0	0	1
dropped	0	14	0	8	3	3	0	0	1	1	3	0	0	0	0	0	0	0	9
drops	0	1	0	1	1	1	0	0	0	0	0	0	0	0	0	0	0	0	0
earned	0	21	0	11	9	5	0	0	1	0	10	0	0	0	0	0	0	0	0
economist	2	3	0	0	0	0	0	0	0	0	0	0	0	0	0	0	0	0	0
embargoed	0	2	0	0	2	0	0	0	0	0	0	0	0	0	0	0	0	0	0
emerges	0	2	0	1	0	1	0	0	0	0	1	0	0	0	0	0	0	0	0
emphasized	0	1	0	1	1	0	0	0	0	0	1	0	0	0	0	0	0	0	0
ends	2	0	0	0	0	0	0	0	0	0	0	0	0	0	0	0	0	0	0
entertainment	0	1	0	0	0	0	1	0	0	0	0	0	0	0	0	0	0	0	1
erased	0	1	0	1	1	0	0	0	0	0	0	0	0	0	0	0	0	0	0
estimated	0	4	0	3	3	1	0	0	0	0	0	0	0	0	0	0	0	0	0
estimates	0	3	0	2	3	0	0	0	0	1	1	0	0	0	0	0	0	0	0
eurodollars	2	1	0	0	0	0	0	0	0	0	0	0	0	0	0	0	0	0	0
exacerbates	0	1	0	1	1	1	0	0	0	0	0	0	0	0	0	0	0	0	0
excluded	0	2	0	1	1	0	0	0	0	0	1	0	0	0	0	0	0	0	0
exited	0	2	0	1	1	1	0	0	1	0	1	0	0	0	0	0	0	0	0
expect	0	7	0	4	5	1	0	0	1	0	2	0	0	0	0	0	0	0	3
expected	0	1	0	1	1	0	0	0	0	0	0	0	0	0	0	0	0	0	0
expects	0	13	0	10	7	2	0	0	2	1	1	0	0	0	0	0	0	0	10
expired	0	1	0	1	0	0	0	0	0	0	1	0	0	0	0	0	0	0	0
explained	0	6	0	2	2	0	0	0	0	0	0	0	1	0	0	0	0	0	0
explains	0	4	0	2	0	0	0	0	0	0	0	0	0	0	0	0	0	0	0
expressed	0	1	0	1	1	0	0	0	0	0	0	0	0	0	0	0	0	0	0
extends	0	1	0	1	1	0	0	0	0	0	0	0	0	0	0	0	0	0	0
faces	0	2	0	1	1	2	0	0	0	0	0	0	0	0	0	0	0	0	0
fail	0	1	0	1	0	0	0	0	0	0	0	0	0	0	0	0	0	0	1
fall	0	2	0	1	0	0	0	0	0	0	1	0	0	0	0	0	0	0	1
falling	0	1	0	0	1	0	0	0	0	0	0	0	0	0	0	0	0	0	2
far	0	2	0	0	0	0	0	0	0	0	0	0	0	2	0	0	0	0	0
features	0	7	0	3	3	2	0	0	1	0	0	0	0	0	0	0	0	0	0
fed	2	2	0	0	0	0	0	0	0	0	0	0	0	0	0	0	0	0	0
feel	0	2	0	1	0	0	0	1	0	0	0	0	0	0	0	0	0	0	0
feels	0	1	0	1	1	0	0	0	0	0	0	0	0	0	0	0	0	0	1
fees	2	1	0	0	0	0	0	0	2	0	0	0	0	0	0	0	0	0	0
fell	0	17	0	10	0	1	0	0	0	1	6	0	5	0	0	0	0	0	15
feuded	0	2	0	1	0	1	0	0	0	1	1	0	0	0	0	0	0	0	1
figures	0	1	0	1	0	1	0	0	0	0	0	0	1	0	0	0	0	0	0
filled	0	5	0	1	2	1	0	0	1	0	0	0	0	0	0	0	0	0	0
finds	0	3	0	1	2	2	0	0	1	0	1	0	1	0	0	0	0	0	0
finished	0	3	0	1	0	3	0	0	0	0	0	0	1	0	0	0	0	0	0
firm	4	3	0	0	0	0	0	0	0	0	0	0	0	0	0	0	0	0	0
flocked	0	2	0	1	0	1	0	0	0	0	0	0	0	0	0	0	0	0	1
focus	0	1	0	1	0	1	0	0	0	0	0	0	0	0	0	0	0	0	0
followed	0	2	0	1	0	0	0	0	0	0	1	0	0	0	0	0	0	0	0
follows	0	3	0	2	2	1	0	0	0	0	1	0	0	0	0	0	0	0	0
forced	0	2	0	1	1	0	0	0	0	0	1	0	0	0	0	0	0	0	1
forecast	4	2	0	0	0	0	0	0	0	0	0	0	0	0	0	0	0	0	0
foresaw	0	2	0	1	1	1	0	0	0	1	0	0	0	0	0	0	0	0	0
foresee	0	2	0	1	1	1	0	0	0	0	0	0	0	0	0	0	0	0	0
found	0	4	0	3	3	0	0	0	1	0	1	0	0	0	0	0	0	0	0
frank	0	4	0	0	0	0	2	0	0	0	0	0	0	0	0	3	0	0	0
freed	0	1	0	1	1	0	0	0	0	0	0	0	0	0	0	0	0	0	0
frets	0	2	0	1	1	0	0	0	0	0	0	0	0	0	0	0	0	0	0
fund	0	2	0	0	0	0	4	0	0	0	0	0	0	0	0	1	0	0	1
funds	1	1	0	0	0	0	0	0	0	0	0	0	0	0	0	0	0	0	0
gabelli	0	1	0	0	0	0	1	0	0	0	0	0	0	0	0	0	0	0	0
gained	0	2	0	2	2	0	0	0	0	0	0	0	0	0	0	0	0	0	4
galbraith	0	1	0	0	0	0	2	0	0	0	0	0	0	0	0	0	0	0	0
garnered	0	3	0	1	1	0	0	0	0	0	0	0	0	0	0	0	0	0	1
garzarelli	0	1	0	0	0	0	1	0	0	0	0	0	0	0	0	0	0	0	0
gave	0	3	0	2	3	1	0	0	1	0	1	0	0	0	0	0	0	0	1
give	0	2	0	1	2	1	0	0	0	0	1	0	0	0	0	0	0	0	0
gives	1	3	0	2	4	0	0	0	1	0	0	0	0	0	0	0	0	0	1
goes	0	2	0	1	0	1	0	0	0	0	0	0	0	0	0	0	0	0	0
got	0	4	0	3	1	1	0	1	0	0	1	0	0	0	0	0	0	0	1
grandmother	0	0	0	0	0	0	0	0	0	0	0	0	0	0	0	0	0	0	0
granville	0	1	0	0	0	0	1	0	0	0	0	0	0	0	0	0	0	0	0
grew	0	5	0	3	0	2	0	0	0	0	4	0	0	0	0	0	0	0	2
guess	0	2	0	1	1	0	0	0	0	0	0	0	0	0	0	0	0	0	0
had	0	58	0	34	17	7	0	18	8	0	14	0	1	0	0	0	0	0	3
hailed	0	2	0	1	1	0	0	0	0	0	1	0	0	0	0	0	0	0	0
halted	0	3	0	2	2	0	0	0	1	0	0	0	0	0	0	0	0	0	3
happened	0	2	0	2	0	1	0	0	0	0	1	0	0	0	0	0	0	0	0
hardiman	0	3	0	0	0	0	1	0	0	0	0	0	0	0	0	1	0	0	0
has	0	142	0	92	15	32	0	81	15	9	20	0	2	0	0	0	0	0	4
have	0	104	0	66	7	15	0	59	9	8	17	1	5	0	0	0	0	0	2
heard	0	2	0	1	1	1	0	0	0	0	0	0	0	0	0	0	0	0	1
hedge	0	2	0	1	1	0	0	0	0	0	0	0	0	0	0	0	0	0	1
highlighted	0	1	0	1	1	0	0	0	0	0	0	0	0	0	0	0	0	0	0
hired	0	2	0	1	1	0	0	0	0	0	0	0	1	0	0	0	0	0	0
hit	0	4	0	2	2	1	0	0	0	1	1	0	0	0	0	0	0	0	0
holds	0	5	0	3	3	2	0	0	0	0	0	0	1	0	0	0	0	0	0
hope	0	4	0	3	2	2	0	0	0	0	1	0	0	0	0	0	0	0	1
how	0	0	0	0	0	0	0	0	0	0	0	0	0	0	0	0	0	0	0
hurt	0	2	0	1	0	0	0	0	0	0	1	0	0	0	0	0	0	0	1
hurts	0	2	0	1	1	0	0	0	0	0	0	0	0	0	0	0	0	0	2
if	0	3	0	0	0	0	0	0	1	0	0	0	0	0	0	0	0	0	1
imagine	0	2	0	1	0	1	0	0	0	1	0	0	0	0	0	0	0	0	0
impose	0	3	0	0	1	1	0	0	0	0	0	0	0	0	0	0	0	0	0
improved	0	1	0	1	0	0	0	0	0	1	1	0	0	0	0	0	0	0	0
include	0	4	0	3	3	0	0	0	0	0	0	0	0	0	0	0	0	0	0
included	0	6	0	6	5	1	0	1	0	0	0	0	0	0	0	0	0	0	0
includes	0	6	0	4	4	3	0	0	0	0	1	0	0	0	0	0	0	0	0
increase	0	3	0	0	0	0	0	0	1	0	0	0	0	0	0	0	0	0	2
increased	0	3	0	2	1	1	0	0	1	0	1	0	0	0	0	0	0	0	2
indicated	0	5	0	3	3	0	0	0	0	0	0	0	1	0	0	0	0	0	0
indicates	0	1	0	1	1	0	0	0	0	1	0	0	0	0	0	0	0	0	0
industries	1	1	0	0	0	0	0	0	0	0	0	0	0	0	0	0	0	0	0
insisted	0	2	0	2	1	1	0	0	0	0	0	0	0	0	0	0	0	0	0
insists	0	3	0	2	3	0	0	0	0	0	0	0	0	0	0	0	0	0	0
institute	0	0	0	0	0	0	0	0	0	0	0	0	0	0	0	0	0	0	0
instruments	3	2	0	0	0	0	0	0	0	0	0	0	0	0	0	1	0	0	0
intended	0	2	0	1	0	0	0	0	0	0	0	0	1	0	0	0	0	0	1
interpret	0	1	0	0	1	1	0	0	0	1	0	0	0	0	0	0	0	0	0
introduced	0	1	0	1	1	0	0	0	0	0	1	0	1	0	0	0	0	0	0
is	1	277	0	191	3	69	0	100	20	11	15	2	6	0	96	0	0	0	12
issued	0	5	0	3	4	0	0	0	0	0	2	0	0	0	0	0	0	0	0
jersey	0	1	0	0	0	0	7	0	0	0	0	0	0	0	0	0	0	0	0
joins	0	1	0	1	1	1	0	0	0	0	0	0	0	0	0	0	0	0	0
jumped	0	4	0	3	0	1	0	0	0	0	3	0	0	0	0	0	0	0	3
keep	0	1	0	1	1	0	0	0	0	0	0	0	0	0	0	0	0	0	2
kept	0	1	0	1	0	0	0	0	0	1	0	0	0	0	0	0	0	0	1
knows	0	7	0	3	3	2	0	0	0	0	1	0	0	0	0	0	0	0	1
labeled	0	4	0	1	1	0	0	0	0	0	0	0	1	0	0	0	0	0	2
lack	0	2	0	1	0	1	0	1	0	1	0	0	0	0	0	0	0	0	0
lamented	0	4	0	1	1	0	0	0	0	0	0	0	0	0	0	0	0	0	0
lawmakers	3	1	0	0	0	0	0	0	0	0	0	0	0	0	0	1	0	0	0
learned	0	2	0	1	1	0	0	0	0	0	0	0	0	0	0	0	0	0	0
leave	0	3	0	2	2	0	0	0	1	0	1	0	0	0	0	0	0	0	1
leaves	0	3	0	2	3	2	0	0	0	0	1	0	1	0	0	0	0	0	1
left	0	1	0	1	1	0	0	0	0	0	0	0	1	0	1	0	0	0	0
len	0	3	0	0	0	0	1	0	0	0	0	0	0	0	0	1	0	0	0
less	0	2	0	0	0	0	0	0	0	3	0	0	0	0	0	0	0	0	0
levin	0	0	0	0	0	0	1	0	0	0	0	0	0	0	0	0	0	0	0
libor	1	3	0	0	0	0	0	0	0	0	0	0	0	0	0	0	0	0	0
linkage	3	1	0	0	0	0	0	0	0	0	0	0	0	0	0	0	0	0	1
listed	0	2	0	2	2	0	0	0	0	0	0	0	0	0	0	0	0	0	0
lived	0	4	0	2	1	2	0	1	0	0	1	0	2	0	0	0	0	0	0
look	0	3	0	2	0	2	0	0	0	0	0	0	0	0	0	0	0	0	0
looking	0	2	0	0	0	0	0	0	0	0	0	0	1	0	0	0	0	0	0
looks	0	1	0	1	0	1	0	0	0	0	0	0	0	0	1	0	0	0	0
loses	0	2	0	1	1	0	0	0	0	0	1	0	0	0	0	0	0	0	0
lost	0	1	0	1	0	0	0	0	0	0	0	0	0	0	0	0	0	0	2
lowered	0	3	0	1	1	2	0	0	0	0	0	0	0	0	0	0	0	0	0
made	0	3	0	2	2	1	0	0	0	0	1	0	0	0	0	0	0	0	0
make	0	11	0	4	4	3	0	0	2	1	1	0	0	0	0	0	0	0	2
makes	0	1	0	1	1	0	0	0	1	0	0	0	0	0	0	0	0	0	0
managed	0	7	0	3	0	4	0	0	0	1	0	0	1	0	0	0	0	0	2
manhattan	0	1	0	0	0	0	1	0	0	0	0	0	0	0	0	0	0	0	1
many	0	0	0	0	0	0	0	0	0	0	0	0	0	0	0	0	0	0	0
market	1	2	0	1	1	1	0	0	0	0	0	0	0	0	0	1	0	0	0
marks	0	1	0	1	1	1	0	0	0	0	0	0	0	0	0	0	0	0	0
mass	1	2	0	0	0	0	0	0	0	0	0	0	0	0	0	0	0	0	0
matched	0	2	0	1	1	1	0	0	1	0	1	0	0	0	0	0	0	0	0
may	0	35	0	24	0	7	0	23	3	2	2	0	1	0	0	0	0	0	0
mayor	1	3	0	0	0	0	0	0	0	0	0	0	1	0	0	0	0	0	0
means	0	4	0	2	2	1	0	0	1	0	0	0	0	0	0	0	0	0	0
met	0	1	0	1	0	1	0	0	0	0	0	0	2	0	0	0	0	0	0
money	1	1	0	0	0	0	0	0	0	0	0	0	0	0	0	0	0	0	0
month	18	15	0	0	0	0	0	0	0	0	0	0	0	0	0	0	0	0	0
months	2	1	0	0	0	0	0	0	0	0	0	0	0	0	0	0	0	0	0
more	0	0	0	0	0	0	0	0	0	0	0	0	0	0	0	0	0	0	0
mortgage	0	3	3	0	0	0	6	0	0	0	0	0	0	0	0	0	0	0	3
morton	0	0	0	0	0	0	1	0	0	0	0	0	0	0	0	0	0	0	0
moved	0	7	0	3	1	0	0	0	1	0	3	0	3	0	0	0	0	0	1
must	0	13	0	7	0	3	0	7	0	0	1	0	1	0	0	0	0	0	0
n.j	1	2	0	0	0	0	0	0	0	0	0	0	0	0	0	0	0	0	0
named	0	2	0	1	1	3	0	0	0	0	0	0	0	0	0	0	0	0	0
national	0	0	0	0	0	0	0	0	0	0	0	0	0	0	0	0	0	0	0
needs	0	1	0	1	1	0	0	0	0	0	0	0	0	0	0	0	0	0	0
noted	0	3	0	2	2	0	0	0	0	0	0	0	0	0	0	0	0	0	0
notes	7	10	0	2	2	0	0	0	0	0	0	0	0	0	0	1	0	0	1
notified	0	1	0	1	1	0	0	0	0	0	1	0	0	0	0	0	0	0	0
obey	0	2	0	1	1	1	0	0	0	0	0	0	0	0	0	0	0	0	0
observed	0	3	0	0	0	0	0	0	1	0	1	0	0	0	0	0	0	0	1
occurred	0	2	0	2	0	1	0	0	0	0	1	0	0	0	0	0	0	0	0
occurs	0	2	0	1	0	1	0	0	0	0	1	0	0	0	0	0	0	0	0
of	0	2	1	0	0	0	0	0	0	0	0	0	0	0	0	0	0	0	1
offer	2	4	0	0	0	0	0	0	1	0	0	0	0	0	0	1	0	0	0
offered	0	1	0	1	1	0	0	0	0	0	0	0	0	0	0	0	0	0	0
offers	0	2	0	2	3	0	0	0	0	0	0	0	0	0	0	0	0	0	0
on	0	2	2	0	0	0	0	0	1	0	0	0	0	0	0	0	0	0	0
opened	0	3	0	2	1	2	0	0	1	0	1	0	0	0	0	0	0	0	0
operate	0	2	0	1	0	0	0	0	0	0	1	0	1	0	0	0	0	0	0
operates	0	2	0	2	2	0	0	0	0	0	0	0	0	0	0	0	0	0	0
optimism	4	1	0	0	0	0	0	0	0	0	0	0	0	0	0	0	0	0	0
ordered	0	5	0	3	3	1	0	0	0	0	2	0	0	0	0	0	0	0	3
ordinary	0	0	0	0	0	0	0	0	0	0	0	0	0	0	0	0	0	0	0
ornate	0	4	0	0	0	1	0	0	0	0	0	0	0	1	0	0	0	0	0
others	1	1	0	0	0	0	0	0	0	0	0	0	0	0	0	1	0	0	0
ought	0	3	0	2	0	0	0	0	0	0	1	0	0	0	0	0	0	0	1
outpace	0	4	0	1	1	3	0	0	1	0	0	0	0	0	0	0	0	0	0
outpaced	0	1	0	1	1	1	0	0	0	0	0	0	0	0	0	0	0	0	0
over	0	3	1	0	0	0	0	0	2	0	0	0	0	0	0	0	0	0	0
owns	0	1	0	1	1	0	0	0	0	0	1	0	0	0	0	0	0	0	0
paid	0	1	0	1	1	0	0	0	0	0	0	0	0	0	0	0	0	0	0
paint	0	1	0	1	1	2	0	0	1	0	0	0	0	0	0	0	0	0	0
painted	0	2	0	1	1	1	0	0	0	0	0	0	0	0	0	0	0	0	1
palmingiano	0	2	0	0	0	0	2	0	0	0	0	0	0	0	0	1	0	0	0
paper	2	2	0	0	0	0	0	0	0	0	0	0	0	0	0	1	0	0	0
parkways	0	2	0	0	0	0	2	0	1	0	0	0	0	0	0	0	0	0	0
participates	0	1	0	1	0	2	0	0	0	0	0	0	1	0	0	0	0	0	0
pay	0	2	0	1	1	2	0	0	0	0	0	0	0	0	0	0	0	0	0
permits	0	1	0	1	1	0	0	0	0	0	1	0	0	0	0	0	0	0	0
person	2	2	0	0	0	0	0	0	0	0	0	0	0	0	0	0	0	0	0
place	0	1	0	1	1	1	0	0	0	0	0	0	0	0	0	0	0	0	0
plan	0	2	0	2	0	0	0	0	0	1	1	0	0	0	0	0	0	0	2
plans	0	6	0	5	0	0	1	0	0	0	1	0	0	0	1	0	0	0	7
platitudes	0	1	0	1	1	1	0	0	0	0	0	0	0	0	0	0	0	0	0
played	0	3	0	1	0	1	0	0	1	0	0	0	0	0	0	0	0	0	0
plays	0	3	0	1	1	1	0	0	0	0	0	0	1	0	0	0	0	0	0
pleaded	0	2	0	1	0	3	0	0	0	0	0	0	1	0	1	0	0	0	0
plummeted	0	3	0	2	0	1	0	0	0	0	1	0	0	0	0	0	0	0	3
plunge	1	1	0	0	0	0	0	0	0	0	0	0	0	0	0	0	0	0	0
point	0	2	0	1	0	3	0	0	0	0	0	0	0	0	0	0	0	0	0
posted	0	9	0	4	4	2	0	0	1	0	3	0	0	0	0	0	0	0	0
power	0	1	0	0	0	0	3	0	0	0	0	0	0	0	0	0	0	0	1
precludes	0	1	0	1	1	0	0	0	0	0	0	0	0	0	0	0	0	0	0
predicted	0	8	0	3	3	0	0	0	0	0	0	0	0	0	0	0	0	0	0
predicts	0	3	0	2	2	0	0	0	0	0	0	0	0	0	0	0	0	0	0
progressed	0	2	0	1	0	0	0	0	0	0	2	0	0	0	0	0	0	0	1
projects	0	1	0	1	1	0	0	0	0	0	0	0	0	0	0	0	0	0	0
promised	0	1	0	1	1	0	0	0	0	0	0	0	0	0	0	0	0	0	0
pronounced	0	1	0	1	1	0	0	0	0	0	2	0	0	0	0	0	0	0	1
proposed	0	2	0	2	1	0	0	0	0	0	2	0	0	0	0	0	0	0	1
provision	2	1	0	0	0	0	0	0	0	0	0	0	0	0	0	0	0	0	0
pushed	0	1	0	1	1	0	0	0	0	0	1	0	0	0	0	0	0	0	1
put	0	1	0	1	1	1	0	0	0	0	0	0	0	0	0	0	0	0	0
question	0	2	0	1	1	1	0	0	0	0	0	0	0	0	0	0	0	0	0
questions	1	2	0	1	1	0	0	0	0	1	0	0	0	0	0	1	0	0	0
ran	0	2	0	1	0	0	0	0	1	0	1	0	0	0	0	0	0	0	1
range	0	2	0	2	0	1	0	0	0	1	0	0	0	0	0	0	0	0	2
ranged	0	3	0	1	1	2	0	0	0	0	1	0	0	0	0	0	0	0	1
ranks	0	2	0	1	1	1	0	0	0	0	0	0	1	0	0	0	0	0	0
rate	5	3	0	0	0	0	0	0	0	0	0	0	1	0	0	0	0	0	0
rates	3	2	0	0	0	0	0	0	0	0	0	0	1	0	0	0	0	0	0
reached	0	4	0	3	2	3	0	0	0	0	2	0	0	0	0	0	0	0	0
reasons	0	3	0	1	1	0	0	0	1	0	0	0	0	0	0	0	0	0	0
recalls	0	7	0	2	3	0	0	0	0	2	0	0	0	0	0	0	0	0	0
received	0	7	0	5	5	1	0	0	0	0	1	0	0	0	0	0	0	0	0
recommends	0	1	0	1	1	0	0	0	0	0	0	0	0	0	0	0	0	0	0
reflected	0	3	0	1	1	1	0	0	0	0	0	0	0	0	0	0	0	0	0
reinvented	0	1	0	1	1	0	0	0	0	0	0	0	0	0	0	0	0	0	0
reiterated	0	2	0	1	1	0	0	0	1	0	0	0	0	0	0	0	0	0	0
rejected	0	4	0	2	2	1	0	0	0	0	1	0	0	0	0	0	0	0	1
remain	0	2	0	1	0	1	0	0	0	0	0	0	0	0	1	0	0	0	0
remains	0	3	0	3	1	0	0	0	0	1	0	0	0	0	3	0	0	0	0
remarks	0	3	0	1	1	0	0	0	0	0	0	0	0	0	0	0	0	0	0
remembers	0	4	0	2	3	0	0	0	0	0	0	0	1	0	0	0	0	0	1
renewed	0	3	0	1	1	1	0	0	0	0	1	0	0	0	0	0	0	0	0
reopened	0	1	0	1	0	0	0	0	0	0	1	0	0	0	0	0	0	0	0
repeals	0	1	0	1	1	0	0	0	0	0	0	0	0	0	0	0	0	0	0
replied	0	14	0	4	1	1	0	0	2	2	0	0	0	0	0	0	0	0	1
reported	0	17	0	10	9	3	0	0	1	1	5	0	1	0	0	0	0	0	0
represented	0	2	0	1	0	0	0	0	0	1	1	0	0	0	0	0	0	0	0
represents	0	2	0	1	1	1	0	0	0	0	0	0	0	0	0	0	0	0	0
require	0	3	0	1	2	0	0	0	0	0	0	0	0	0	0	0	0	0	1
requires	0	3	0	3	4	0	0	0	0	0	0	0	0	0	0	0	0	0	2
resigned	0	3	0	2	0	1	0	0	0	0	1	0	0	0	0	0	0	0	0
responded	0	5	0	2	1	1	0	0	0	0	0	0	0	0	0	0	0	0	0
restrict	0	2	0	0	1	0	0	0	0	0	0	0	0	0	0	0	0	0	0
retired	0	2	0	1	0	1	0	0	1	0	1	0	0	0	0	0	0	0	0
revelations	2	2	0	0	0	0	0	0	0	0	0	0	0	0	0	1	0	0	0
reversed	0	1	0	1	1	0	0	0	0	0	0	0	0	0	0	0	0	0	0
review	0	1	0	1	0	0	0	0	0	0	0	0	0	0	0	0	0	0	0
ripped	0	2	0	1	0	2	0	0	0	0	0	0	0	0	0	0	0	0	0
rises	0	1	0	1	0	2	0	0	0	0	0	0	0	0	0	0	0	0	0
risks	0	3	0	1	0	1	0	1	0	1	0	0	0	0	0	0	0	0	0
rogers	0	1	0	0	0	0	1	0	0	0	0	0	0	0	0	0	0	0	0
rose	0	10	0	6	0	2	0	0	0	0	5	0	0	0	0	0	0	0	10
rubbish	1	1	0	0	0	0	0	0	0	0	0	0	0	0	0	0	0	0	0
run	0	2	0	2	0	1	0	0	0	0	1	0	0	0	0	0	0	0	1
said	0	823	0	375	370	33	0	0	13	15	28	0	24	0	0	0	0	0	7
saluted	0	1	0	1	1	1	0	0	0	0	0	0	0	0	0	0	0	0	0
sandwiched	0	1	0	1	1	1	0	0	0	0	0	0	0	0	0	0	0	0	0
saw	0	4	0	3	3	2	0	0	1	2	0	0	0	0	0	0	0	0	0
say	0	54	0	32	28	7	0	0	3	3	0	0	0	0	0	0	0	0	2
says	0	239	0	81	81	6	0	0	4	3	0	0	2	0	0	0	0	0	0
schwarzwaldklinik	0	4	0	0	0	0	0	0	0	0	0	0	0	0	0	1	0	0	0
see	0	7	0	3	3	1	0	0	0	0	3	0	0	0	0	0	0	0	1
seeks	0	2	0	1	1	0	0	0	0	0	0	0	1	0	0	0	0	0	0
seems	0	4	0	3	1	1	0	1	0	1	0	0	1	0	1	0	0	0	0
sees	0	2	0	1	1	1	0	0	1	0	0	0	0	0	0	0	0	0	0
sell	0	2	0	1	1	1	0	0	0	0	0	0	0	0	0	0	0	0	0
sells	0	4	0	2	1	2	0	0	0	0	1	0	1	0	0	0	0	0	0
sent	0	4	0	1	2	1	0	0	0	0	1	0	0	0	0	0	0	0	0
settled	0	5	0	3	0	5	0	0	0	0	0	0	1	0	0	0	0	0	0
shares	28	18	1	0	0	0	0	0	0	0	0	0	0	0	0	0	0	0	0
should	0	2	0	2	0	0	0	2	0	0	0	0	0	0	0	0	0	0	0
showed	0	2	0	1	1	0	0	0	0	0	1	0	0	0	0	0	0	0	0
shows	0	2	0	2	2	0	0	0	0	0	0	0	0	0	0	0	0	0	0
shvartze	3	2	0	0	0	0	0	0	0	0	0	0	0	0	0	0	0	0	0
signed	0	3	0	1	1	0	0	0	1	0	1	0	0	0	0	0	0	0	1
slid	0	4	0	2	0	0	0	0	0	0	1	0	2	0	0	0	0	0	4
smiled	0	5	0	1	1	1	0	0	1	0	0	0	0	0	0	0	0	0	1
snapped	0	3	0	1	1	1	0	0	0	0	2	0	0	0	0	0	0	0	1
snowballed	0	1	0	1	0	0	0	0	0	0	0	0	0	0	0	0	0	0	1
soared	0	1	0	1	0	0	0	0	0	0	0	0	0	0	0	0	0	0	2
sold	0	5	0	2	1	2	0	0	1	0	1	0	1	0	0	0	0	0	0
spalsbury	0	1	0	0	0	0	2	0	0	0	0	0	0	0	0	0	0	0	1
specializes	0	2	0	1	0	1	0	0	2	0	0	0	0	0	0	0	0	0	0
speculate	0	1	0	1	1	0	0	0	0	0	0	0	0	0	0	0	0	0	0
spells	0	3	0	2	2	2	0	0	0	0	1	0	0	0	0	0	0	0	0
spent	0	5	0	2	2	2	0	0	0	0	2	0	0	0	0	0	0	0	0
spurted	0	2	0	1	0	1	0	0	0	0	0	0	1	0	0	0	0	0	0
started	0	1	0	1	0	0	0	0	0	0	0	0	0	0	0	0	0	0	1
states	3	2	0	0	0	0	0	0	0	0	0	0	1	0	0	0	0	0	0
stayed	0	2	0	1	0	1	0	1	0	0	0	0	0	0	0	0	0	0	0
stearns	0	0	0	0	0	0	0	0	0	0	0	0	0	0	0	0	0	0	0
stems	0	1	0	1	0	1	0	0	0	0	0	0	0	0	0	0	0	0	0
stepped	0	1	0	1	0	1	0	0	0	0	0	0	0	0	0	0	0	0	1
stocks	3	2	0	0	0	0	0	0	0	0	0	0	0	0	0	0	0	0	0
stood	0	2	0	1	0	2	0	0	0	0	0	0	0	0	0	0	0	0	0
stopped	0	2	0	1	0	2	0	0	0	0	0	0	0	0	0	0	0	0	1
stressed	0	4	0	2	2	1	0	1	0	1	0	0	0	0	0	0	0	0	0
stunned	0	2	0	1	1	1	0	0	0	0	1	0	0	0	0	0	0	0	0
suffered	0	2	0	1	1	0	0	0	0	0	1	0	0	0	0	0	0	0	0
suggest	0	1	0	1	1	0	0	0	0	0	0	0	0	0	0	0	0	0	0
suggested	0	4	0	2	1	0	0	0	1	0	0	0	1	0	0	0	0	0	0
suggests	0	1	0	1	1	0	0	0	0	1	0	0	0	0	0	0	0	0	0
summed	0	2	0	1	1	0	0	0	0	0	0	0	1	0	0	0	0	0	1
support	0	2	0	1	1	0	0	0	0	0	0	0	0	0	0	0	0	0	0
surrendered	0	3	0	1	1	2	0	0	0	0	1	0	1	0	0	0	0	0	0
suspended	0	1	0	1	1	0	0	0	1	0	1	0	0	0	0	0	0	0	0
system	3	2	0	0	0	0	0	0	0	0	0	0	0	0	0	1	0	0	0
takes	0	5	0	4	3	3	0	0	0	0	0	0	0	0	0	0	0	0	0
target	0	2	0	1	1	0	0	0	1	0	1	0	0	0	0	0	0	0	0
technology	0	1	0	0	0	0	1	0	0	0	0	0	0	0	0	0	0	0	1
tends	0	2	0	1	0	1	0	0	0	1	0	0	0	0	0	0	0	0	1
termed	0	2	0	2	2	3	0	0	0	0	0	0	0	0	0	0	0	0	0
terrizzi	0	1	0	0	0	0	2	0	0	0	0	0	0	0	0	0	0	0	0
texas	2	4	0	0	0	0	0	0	0	0	0	0	0	0	0	0	0	0	0
that	0	3	0	0	0	0	0	0	1	0	0	0	0	0	0	0	0	0	1
the	1	3	0	0	0	0	0	0	1	0	0	0	0	0	0	0	0	0	0
think	0	14	0	7	7	2	0	0	1	3	1	0	0	0	0	0	0	0	3
thinks	0	2	0	2	2	0	0	0	0	1	0	0	0	0	0	0	0	0	0
third	2	1	0	0	0	0	0	0	1	1	0	0	0	0	0	0	0	0	0
thought	0	5	0	3	4	1	0	0	0	0	0	0	1	0	0	0	0	0	0
threatened	0	1	0	1	0	0	0	0	0	0	0	0	0	0	0	0	0	0	1
thrived	0	2	0	1	0	1	0	0	0	0	1	0	0	0	0	0	0	0	0
ticks	0	1	0	1	1	0	0	0	0	0	1	0	0	0	0	0	0	0	1
time	2	2	0	0	0	0	0	0	0	0	0	0	0	0	0	0	0	0	0
to	0	2	0	0	0	0	0	0	0	0	0	0	0	1	0	0	2	1	0
told	0	12	0	5	8	1	0	0	2	0	2	0	0	0	0	0	0	0	0
took	0	2	0	1	1	1	0	0	0	0	1	0	0	0	0	0	0	0	0
totaled	0	6	0	4	5	0	0	0	1	0	1	0	1	0	0	0	0	0	0
touts	0	4	0	1	1	2	0	0	0	0	0	0	0	0	0	0	0	0	0
traded	0	1	0	1	0	1	0	0	0	0	0	0	1	0	0	0	0	0	1
transports	0	2	0	1	1	0	0	0	1	0	0	0	0	0	0	0	0	0	0
traveled	0	1	0	1	0	1	0	0	0	0	0	0	0	0	0	0	0	0	1
tried	0	9	0	3	0	3	0	0	0	0	1	0	0	0	0	0	0	0	3
trouble	2	1	0	0	0	0	0	0	1	0	0	0	0	0	0	0	0	0	0
trust	0	1	0	0	0	0	4	0	0	0	0	0	0	0	0	0	0	0	0
tumbled	0	4	0	3	0	1	0	0	1	0	3	0	0	0	0	0	0	0	3
turned	0	2	0	0	1	0	0	0	0	0	1	0	0	0	0	0	0	0	2
turns	0	1	0	1	0	1	0	0	0	1	1	0	0	0	0	0	0	0	0
underscores	0	2	0	1	1	1	0	0	0	0	0	0	0	0	0	0	0	0	0
used	0	7	0	4	3	3	0	0	0	0	1	0	0	0	1	0	0	0	1
viewed	0	2	0	1	2	0	0	0	0	0	0	0	0	0	0	0	0	0	0
vihon	0	0	0	0	0	0	2	0	0	0	0	0	0	0	0	0	0	0	0
vitarine	2	1	0	0	0	0	0	0	0	0	0	0	0	0	0	0	0	0	0
voted	0	2	0	1	1	0	0	0	0	0	1	0	0	0	0	0	0	0	1
vowed	0	2	0	1	0	0	0	0	0	0	1	0	0	0	0	0	0	0	1
waited	0	3	0	1	0	3	0	0	0	0	0	0	0	0	0	0	0	0	0
want	0	3	0	2	0	0	0	0	0	0	0	0	0	0	0	0	0	0	2
wants	0	4	0	3	0	1	0	0	0	1	0	0	0	0	0	0	0	0	3
warned	0	8	0	2	3	2	0	0	0	0	2	0	0	0	0	0	0	0	0
was	0	136	0	96	1	26	0	46	12	3	21	0	9	0	47	0	0	0	4
way	6	2	0	0	0	0	0	0	0	0	0	0	0	0	0	0	0	0	0
weber	0	0	0	0	0	0	1	0	0	0	0	0	0	0	0	0	0	0	0
weeks	3	2	0	0	0	0	0	0	0	0	0	0	0	0	0	0	0	0	0
weighs	0	3	0	1	2	0	0	0	1	0	0	0	0	0	0	0	0	0	0
welcomed	0	4	0	2	1	0	0	0	0	0	1	0	1	0	0	0	0	0	0
well	0	0	0	0	0	0	0	0	0	0	0	0	0	0	0	0	0	0	0
went	0	5	0	2	1	2	0	0	0	0	4	0	0	0	1	0	0	0	2
were	0	76	0	50	1	22	0	31	3	7	10	0	2	0	25	0	0	0	2
will	0	98	0	72	1	27	0	71	5	3	5	0	3	0	0	0	0	0	1
withhold	0	2	0	0	1	1	0	0	0	0	0	0	0	0	0	0	0	0	0
wo	0	7	0	6	0	7	0	6	0	3	0	0	0	0	0	0	0	0	0
won	0	4	0	4	4	2	0	0	1	0	0	0	0	0	0	0	0	0	0
wonder	0	0	0	0	0	0	0	0	0	0	0	0	0	0	0	0	0	0	0
worked	0	7	0	2	0	3	0	0	1	0	0	0	0	0	0	0	0	0	0
worries	0	4	0	2	1	2	0	0	0	0	0	0	0	0	0	0	0	0	0
worry	0	1	0	1	1	0	0	0	0	0	0	0	0	0	0	0	0	0	0
would	0	39	0	24	1	10	0	22	4	3	0	0	0	0	0	0	0	0	4
writes	0	3	0	1	1	0	0	0	0	0	0	0	0	0	0	0	0	0	0
wrote	0	7	0	1	1	0	0	0	1	0	0	0	0	0	0	0	0	0	0
year	4	2	0	0	0	0	0	0	0	0	0	0	0	0	0	0	0	0	0
yields	6	1	0	0	0	0	0	0	0	0	0	0	0	0	0	1	0	0	0
yuppies	0	0	0	0	0	0	0	0	0	0	0	0	0	0	0	0	0	0	0
